 0 1 2 3 4 5 6 7 8 9 10 1 1.41 2.24 3.16 4.12 5.1 6.08 7.07 8.06 9.06 10.05 2 2.24 2.83 3.61 4.47 5.39 6.32 7.28 8.25 9.22 10.2 3 3.16 3.61 4.24 5 5.83 6.71 7.62 8.54 9.49 10.44 4 4.12 4.47 5 5.66 6.4 7.21 8.06 8.94 9.85 10.77 5 5.1 5.39 5.83 6.4 7.07 7.81 8.6 9.43 10.3 11.18 6 6.08 6.32 6.71 7.21 7.81 8.49 9.22 10 10.82 11.66 7 7.07 7.28 7.62 8.06 8.6 9.22 9.9 10.63 11.4 12.21 8 8.06 8.25 8.54 8.94 9.43 10 10.63 11.31 12.04 12.81 9 9.06 9.22 9.49 9.85 10.3 10.82 11.4 12.04 12.73 13.45 10 10.05 10.2 10.44 10.77 11.18 11.66 12.21 12.81 13.45 14.14
 1 0 1 2 3 4 5 6 7 8 9 1.41 1 1.41 2.24 3.16 4.12 5.1 6.08 7.07 8.06 9.06 2.24 2 2.24 2.83 3.61 4.47 5.39 6.32 7.28 8.25 9.22 3.16 3 3.16 3.61 4.24 5 5.83 6.71 7.62 8.54 9.49 4.12 4 4.12 4.47 5 5.66 6.4 7.21 8.06 8.94 9.85 5.1 5 5.1 5.39 5.83 6.4 7.07 7.81 8.6 9.43 10.3 6.08 6 6.08 6.32 6.71 7.21 7.81 8.49 9.22 10 10.82 7.07 7 7.07 7.28 7.62 8.06 8.6 9.22 9.9 10.63 11.4 8.06 8 8.06 8.25 8.54 8.94 9.43 10 10.63 11.31 12.04 9.06 9 9.06 9.22 9.49 9.85 10.3 10.82 11.4 12.04 12.73 10.05 10 10.05 10.2 10.44 10.77 11.18 11.66 12.21 12.81 13.45
 2 1 0 1 2 3 4 5 6 7 8 2.24 1.41 1 1.41 2.24 3.16 4.12 5.1 6.08 7.07 8.06 2.83 2.24 2 2.24 2.83 3.61 4.47 5.39 6.32 7.28 8.25 3.61 3.16 3 3.16 3.61 4.24 5 5.83 6.71 7.62 8.54 4.47 4.12 4 4.12 4.47 5 5.66 6.4 7.21 8.06 8.94 5.39 5.1 5 5.1 5.39 5.83 6.4 7.07 7.81 8.6 9.43 6.32 6.08 6 6.08 6.32 6.71 7.21 7.81 8.49 9.22 10 7.28 7.07 7 7.07 7.28 7.62 8.06 8.6 9.22 9.9 10.63 8.25 8.06 8 8.06 8.25 8.54 8.94 9.43 10 10.63 11.31 9.22 9.06 9 9.06 9.22 9.49 9.85 10.3 10.82 11.4 12.04 10.2 10.05 10 10.05 10.2 10.44 10.77 11.18 11.66 12.21 12.81
 3 2 1 0 1 2 3 4 5 6 7 3.16 2.24 1.41 1 1.41 2.24 3.16 4.12 5.1 6.08 7.07 3.61 2.83 2.24 2 2.24 2.83 3.61 4.47 5.39 6.32 7.28 4.24 3.61 3.16 3 3.16 3.61 4.24 5 5.83 6.71 7.62 5 4.47 4.12 4 4.12 4.47 5 5.66 6.4 7.21 8.06 5.83 5.39 5.1 5 5.1 5.39 5.83 6.4 7.07 7.81 8.6 6.71 6.32 6.08 6 6.08 6.32 6.71 7.21 7.81 8.49 9.22 7.62 7.28 7.07 7 7.07 7.28 7.62 8.06 8.6 9.22 9.9 8.54 8.25 8.06 8 8.06 8.25 8.54 8.94 9.43 10 10.63 9.49 9.22 9.06 9 9.06 9.22 9.49 9.85 10.3 10.82 11.4 10.44 10.2 10.05 10 10.05 10.2 10.44 10.77 11.18 11.66 12.21
 4 3 2 1 0 1 2 3 4 5 6 4.12 3.16 2.24 1.41 1 1.41 2.24 3.16 4.12 5.1 6.08 4.47 3.61 2.83 2.24 2 2.24 2.83 3.61 4.47 5.39 6.32 5 4.24 3.61 3.16 3 3.16 3.61 4.24 5 5.83 6.71 5.66 5 4.47 4.12 4 4.12 4.47 5 5.66 6.4 7.21 6.4 5.83 5.39 5.1 5 5.1 5.39 5.83 6.4 7.07 7.81 7.21 6.71 6.32 6.08 6 6.08 6.32 6.71 7.21 7.81 8.49 8.06 7.62 7.28 7.07 7 7.07 7.28 7.62 8.06 8.6 9.22 8.94 8.54 8.25 8.06 8 8.06 8.25 8.54 8.94 9.43 10 9.85 9.49 9.22 9.06 9 9.06 9.22 9.49 9.85 10.3 10.82 10.77 10.44 10.2 10.05 10 10.05 10.2 10.44 10.77 11.18 11.66
 5 4 3 2 1 0 1 2 3 4 5 5.1 4.12 3.16 2.24 1.41 1 1.41 2.24 3.16 4.12 5.1 5.39 4.47 3.61 2.83 2.24 2 2.24 2.83 3.61 4.47 5.39 5.83 5 4.24 3.61 3.16 3 3.16 3.61 4.24 5 5.83 6.4 5.66 5 4.47 4.12 4 4.12 4.47 5 5.66 6.4 7.07 6.4 5.83 5.39 5.1 5 5.1 5.39 5.83 6.4 7.07 7.81 7.21 6.71 6.32 6.08 6 6.08 6.32 6.71 7.21 7.81 8.6 8.06 7.62 7.28 7.07 7 7.07 7.28 7.62 8.06 8.6 9.43 8.94 8.54 8.25 8.06 8 8.06 8.25 8.54 8.94 9.43 10.3 9.85 9.49 9.22 9.06 9 9.06 9.22 9.49 9.85 10.3 11.18 10.77 10.44 10.2 10.05 10 10.05 10.2 10.44 10.77 11.18
 6 5 4 3 2 1 0 1 2 3 4 6.08 5.1 4.12 3.16 2.24 1.41 1 1.41 2.24 3.16 4.12 6.32 5.39 4.47 3.61 2.83 2.24 2 2.24 2.83 3.61 4.47 6.71 5.83 5 4.24 3.61 3.16 3 3.16 3.61 4.24 5 7.21 6.4 5.66 5 4.47 4.12 4 4.12 4.47 5 5.66 7.81 7.07 6.4 5.83 5.39 5.1 5 5.1 5.39 5.83 6.4 8.49 7.81 7.21 6.71 6.32 6.08 6 6.08 6.32 6.71 7.21 9.22 8.6 8.06 7.62 7.28 7.07 7 7.07 7.28 7.62 8.06 10 9.43 8.94 8.54 8.25 8.06 8 8.06 8.25 8.54 8.94 10.82 10.3 9.85 9.49 9.22 9.06 9 9.06 9.22 9.49 9.85 11.66 11.18 10.77 10.44 10.2 10.05 10 10.05 10.2 10.44 10.77
 7 6 5 4 3 2 1 0 1 2 3 7.07 6.08 5.1 4.12 3.16 2.24 1.41 1 1.41 2.24 3.16 7.28 6.32 5.39 4.47 3.61 2.83 2.24 2 2.24 2.83 3.61 7.62 6.71 5.83 5 4.24 3.61 3.16 3 3.16 3.61 4.24 8.06 7.21 6.4 5.66 5 4.47 4.12 4 4.12 4.47 5 8.6 7.81 7.07 6.4 5.83 5.39 5.1 5 5.1 5.39 5.83 9.22 8.49 7.81 7.21 6.71 6.32 6.08 6 6.08 6.32 6.71 9.9 9.22 8.6 8.06 7.62 7.28 7.07 7 7.07 7.28 7.62 10.63 10 9.43 8.94 8.54 8.25 8.06 8 8.06 8.25 8.54 11.4 10.82 10.3 9.85 9.49 9.22 9.06 9 9.06 9.22 9.49 12.21 11.66 11.18 10.77 10.44 10.2 10.05 10 10.05 10.2 10.44
 8 7 6 5 4 3 2 1 0 1 2 8.06 7.07 6.08 5.1 4.12 3.16 2.24 1.41 1 1.41 2.24 8.25 7.28 6.32 5.39 4.47 3.61 2.83 2.24 2 2.24 2.83 8.54 7.62 6.71 5.83 5 4.24 3.61 3.16 3 3.16 3.61 8.94 8.06 7.21 6.4 5.66 5 4.47 4.12 4 4.12 4.47 9.43 8.6 7.81 7.07 6.4 5.83 5.39 5.1 5 5.1 5.39 10 9.22 8.49 7.81 7.21 6.71 6.32 6.08 6 6.08 6.32 10.63 9.9 9.22 8.6 8.06 7.62 7.28 7.07 7 7.07 7.28 11.31 10.63 10 9.43 8.94 8.54 8.25 8.06 8 8.06 8.25 12.04 11.4 10.82 10.3 9.85 9.49 9.22 9.06 9 9.06 9.22 12.81 12.21 11.66 11.18 10.77 10.44 10.2 10.05 10 10.05 10.2
 9 8 7 6 5 4 3 2 1 0 1 9.06 8.06 7.07 6.08 5.1 4.12 3.16 2.24 1.41 1 1.41 9.22 8.25 7.28 6.32 5.39 4.47 3.61 2.83 2.24 2 2.24 9.49 8.54 7.62 6.71 5.83 5 4.24 3.61 3.16 3 3.16 9.85 8.94 8.06 7.21 6.4 5.66 5 4.47 4.12 4 4.12 10.3 9.43 8.6 7.81 7.07 6.4 5.83 5.39 5.1 5 5.1 10.82 10 9.22 8.49 7.81 7.21 6.71 6.32 6.08 6 6.08 11.4 10.63 9.9 9.22 8.6 8.06 7.62 7.28 7.07 7 7.07 12.04 11.31 10.63 10 9.43 8.94 8.54 8.25 8.06 8 8.06 12.73 12.04 11.4 10.82 10.3 9.85 9.49 9.22 9.06 9 9.06 13.45 12.81 12.21 11.66 11.18 10.77 10.44 10.2 10.05 10 10.05
 10 9 8 7 6 5 4 3 2 1 0 10.05 9.06 8.06 7.07 6.08 5.1 4.12 3.16 2.24 1.41 1 10.2 9.22 8.25 7.28 6.32 5.39 4.47 3.61 2.83 2.24 2 10.44 9.49 8.54 7.62 6.71 5.83 5 4.24 3.61 3.16 3 10.77 9.85 8.94 8.06 7.21 6.4 5.66 5 4.47 4.12 4 11.18 10.3 9.43 8.6 7.81 7.07 6.4 5.83 5.39 5.1 5 11.66 10.82 10 9.22 8.49 7.81 7.21 6.71 6.32 6.08 6 12.21 11.4 10.63 9.9 9.22 8.6 8.06 7.62 7.28 7.07 7 12.81 12.04 11.31 10.63 10 9.43 8.94 8.54 8.25 8.06 8 13.45 12.73 12.04 11.4 10.82 10.3 9.85 9.49 9.22 9.06 9 14.14 13.45 12.81 12.21 11.66 11.18 10.77 10.44 10.2 10.05 10
 1 1.41 2.24 3.16 4.12 5.1 6.08 7.07 8.06 9.06 10.05 0 1 2 3 4 5 6 7 8 9 10 1 1.41 2.24 3.16 4.12 5.1 6.08 7.07 8.06 9.06 10.05 2 2.24 2.83 3.61 4.47 5.39 6.32 7.28 8.25 9.22 10.2 3 3.16 3.61 4.24 5 5.83 6.71 7.62 8.54 9.49 10.44 4 4.12 4.47 5 5.66 6.4 7.21 8.06 8.94 9.85 10.77 5 5.1 5.39 5.83 6.4 7.07 7.81 8.6 9.43 10.3 11.18 6 6.08 6.32 6.71 7.21 7.81 8.49 9.22 10 10.82 11.66 7 7.07 7.28 7.62 8.06 8.6 9.22 9.9 10.63 11.4 12.21 8 8.06 8.25 8.54 8.94 9.43 10 10.63 11.31 12.04 12.81 9 9.06 9.22 9.49 9.85 10.3 10.82 11.4 12.04 12.73 13.45
 1.41 1 1.41 2.24 3.16 4.12 5.1 6.08 7.07 8.06 9.06 1 0 1 2 3 4 5 6 7 8 9 1.41 1 1.41 2.24 3.16 4.12 5.1 6.08 7.07 8.06 9.06 2.24 2 2.24 2.83 3.61 4.47 5.39 6.32 7.28 8.25 9.22 3.16 3 3.16 3.61 4.24 5 5.83 6.71 7.62 8.54 9.49 4.12 4 4.12 4.47 5 5.66 6.4 7.21 8.06 8.94 9.85 5.1 5 5.1 5.39 5.83 6.4 7.07 7.81 8.6 9.43 10.3 6.08 6 6.08 6.32 6.71 7.21 7.81 8.49 9.22 10 10.82 7.07 7 7.07 7.28 7.62 8.06 8.6 9.22 9.9 10.63 11.4 8.06 8 8.06 8.25 8.54 8.94 9.43 10 10.63 11.31 12.04 9.06 9 9.06 9.22 9.49 9.85 10.3 10.82 11.4 12.04 12.73
 2.24 1.41 1 1.41 2.24 3.16 4.12 5.1 6.08 7.07 8.06 2 1 0 1 2 3 4 5 6 7 8 2.24 1.41 1 1.41 2.24 3.16 4.12 5.1 6.08 7.07 8.06 2.83 2.24 2 2.24 2.83 3.61 4.47 5.39 6.32 7.28 8.25 3.61 3.16 3 3.16 3.61 4.24 5 5.83 6.71 7.62 8.54 4.47 4.12 4 4.12 4.47 5 5.66 6.4 7.21 8.06 8.94 5.39 5.1 5 5.1 5.39 5.83 6.4 7.07 7.81 8.6 9.43 6.32 6.08 6 6.08 6.32 6.71 7.21 7.81 8.49 9.22 10 7.28 7.07 7 7.07 7.28 7.62 8.06 8.6 9.22 9.9 10.63 8.25 8.06 8 8.06 8.25 8.54 8.94 9.43 10 10.63 11.31 9.22 9.06 9 9.06 9.22 9.49 9.85 10.3 10.82 11.4 12.04
 3.16 2.24 1.41 1 1.41 2.24 3.16 4.12 5.1 6.08 7.07 3 2 1 0 1 2 3 4 5 6 7 3.16 2.24 1.41 1 1.41 2.24 3.16 4.12 5.1 6.08 7.07 3.61 2.83 2.24 2 2.24 2.83 3.61 4.47 5.39 6.32 7.28 4.24 3.61 3.16 3 3.16 3.61 4.24 5 5.83 6.71 7.62 5 4.47 4.12 4 4.12 4.47 5 5.66 6.4 7.21 8.06 5.83 5.39 5.1 5 5.1 5.39 5.83 6.4 7.07 7.81 8.6 6.71 6.32 6.08 6 6.08 6.32 6.71 7.21 7.81 8.49 9.22 7.62 7.28 7.07 7 7.07 7.28 7.62 8.06 8.6 9.22 9.9 8.54 8.25 8.06 8 8.06 8.25 8.54 8.94 9.43 10 10.63 9.49 9.22 9.06 9 9.06 9.22 9.49 9.85 10.3 10.82 11.4
 4.12 3.16 2.24 1.41 1 1.41 2.24 3.16 4.12 5.1 6.08 4 3 2 1 0 1 2 3 4 5 6 4.12 3.16 2.24 1.41 1 1.41 2.24 3.16 4.12 5.1 6.08 4.47 3.61 2.83 2.24 2 2.24 2.83 3.61 4.47 5.39 6.32 5 4.24 3.61 3.16 3 3.16 3.61 4.24 5 5.83 6.71 5.66 5 4.47 4.12 4 4.12 4.47 5 5.66 6.4 7.21 6.4 5.83 5.39 5.1 5 5.1 5.39 5.83 6.4 7.07 7.81 7.21 6.71 6.32 6.08 6 6.08 6.32 6.71 7.21 7.81 8.49 8.06 7.62 7.28 7.07 7 7.07 7.28 7.62 8.06 8.6 9.22 8.94 8.54 8.25 8.06 8 8.06 8.25 8.54 8.94 9.43 10 9.85 9.49 9.22 9.06 9 9.06 9.22 9.49 9.85 10.3 10.82
 5.1 4.12 3.16 2.24 1.41 1 1.41 2.24 3.16 4.12 5.1 5 4 3 2 1 0 1 2 3 4 5 5.1 4.12 3.16 2.24 1.41 1 1.41 2.24 3.16 4.12 5.1 5.39 4.47 3.61 2.83 2.24 2 2.24 2.83 3.61 4.47 5.39 5.83 5 4.24 3.61 3.16 3 3.16 3.61 4.24 5 5.83 6.4 5.66 5 4.47 4.12 4 4.12 4.47 5 5.66 6.4 7.07 6.4 5.83 5.39 5.1 5 5.1 5.39 5.83 6.4 7.07 7.81 7.21 6.71 6.32 6.08 6 6.08 6.32 6.71 7.21 7.81 8.6 8.06 7.62 7.28 7.07 7 7.07 7.28 7.62 8.06 8.6 9.43 8.94 8.54 8.25 8.06 8 8.06 8.25 8.54 8.94 9.43 10.3 9.85 9.49 9.22 9.06 9 9.06 9.22 9.49 9.85 10.3
 6.08 5.1 4.12 3.16 2.24 1.41 1 1.41 2.24 3.16 4.12 6 5 4 3 2 1 0 1 2 3 4 6.08 5.1 4.12 3.16 2.24 1.41 1 1.41 2.24 3.16 4.12 6.32 5.39 4.47 3.61 2.83 2.24 2 2.24 2.83 3.61 4.47 6.71 5.83 5 4.24 3.61 3.16 3 3.16 3.61 4.24 5 7.21 6.4 5.66 5 4.47 4.12 4 4.12 4.47 5 5.66 7.81 7.07 6.4 5.83 5.39 5.1 5 5.1 5.39 5.83 6.4 8.49 7.81 7.21 6.71 6.32 6.08 6 6.08 6.32 6.71 7.21 9.22 8.6 8.06 7.62 7.28 7.07 7 7.07 7.28 7.62 8.06 10 9.43 8.94 8.54 8.25 8.06 8 8.06 8.25 8.54 8.94 10.82 10.3 9.85 9.49 9.22 9.06 9 9.06 9.22 9.49 9.85
 7.07 6.08 5.1 4.12 3.16 2.24 1.41 1 1.41 2.24 3.16 7 6 5 4 3 2 1 0 1 2 3 7.07 6.08 5.1 4.12 3.16 2.24 1.41 1 1.41 2.24 3.16 7.28 6.32 5.39 4.47 3.61 2.83 2.24 2 2.24 2.83 3.61 7.62 6.71 5.83 5 4.24 3.61 3.16 3 3.16 3.61 4.24 8.06 7.21 6.4 5.66 5 4.47 4.12 4 4.12 4.47 5 8.6 7.81 7.07 6.4 5.83 5.39 5.1 5 5.1 5.39 5.83 9.22 8.49 7.81 7.21 6.71 6.32 6.08 6 6.08 6.32 6.71 9.9 9.22 8.6 8.06 7.62 7.28 7.07 7 7.07 7.28 7.62 10.63 10 9.43 8.94 8.54 8.25 8.06 8 8.06 8.25 8.54 11.4 10.82 10.3 9.85 9.49 9.22 9.06 9 9.06 9.22 9.49
 8.06 7.07 6.08 5.1 4.12 3.16 2.24 1.41 1 1.41 2.24 8 7 6 5 4 3 2 1 0 1 2 8.06 7.07 6.08 5.1 4.12 3.16 2.24 1.41 1 1.41 2.24 8.25 7.28 6.32 5.39 4.47 3.61 2.83 2.24 2 2.24 2.83 8.54 7.62 6.71 5.83 5 4.24 3.61 3.16 3 3.16 3.61 8.94 8.06 7.21 6.4 5.66 5 4.47 4.12 4 4.12 4.47 9.43 8.6 7.81 7.07 6.4 5.83 5.39 5.1 5 5.1 5.39 10 9.22 8.49 7.81 7.21 6.71 6.32 6.08 6 6.08 6.32 10.63 9.9 9.22 8.6 8.06 7.62 7.28 7.07 7 7.07 7.28 11.31 10.63 10 9.43 8.94 8.54 8.25 8.06 8 8.06 8.25 12.04 11.4 10.82 10.3 9.85 9.49 9.22 9.06 9 9.06 9.22
 9.06 8.06 7.07 6.08 5.1 4.12 3.16 2.24 1.41 1 1.41 9 8 7 6 5 4 3 2 1 0 1 9.06 8.06 7.07 6.08 5.1 4.12 3.16 2.24 1.41 1 1.41 9.22 8.25 7.28 6.32 5.39 4.47 3.61 2.83 2.24 2 2.24 9.49 8.54 7.62 6.71 5.83 5 4.24 3.61 3.16 3 3.16 9.85 8.94 8.06 7.21 6.4 5.66 5 4.47 4.12 4 4.12 10.3 9.43 8.6 7.81 7.07 6.4 5.83 5.39 5.1 5 5.1 10.82 10 9.22 8.49 7.81 7.21 6.71 6.32 6.08 6 6.08 11.4 10.63 9.9 9.22 8.6 8.06 7.62 7.28 7.07 7 7.07 12.04 11.31 10.63 10 9.43 8.94 8.54 8.25 8.06 8 8.06 12.73 12.04 11.4 10.82 10.3 9.85 9.49 9.22 9.06 9 9.06
 10.05 9.06 8.06 7.07 6.08 5.1 4.12 3.16 2.24 1.41 1 10 9 8 7 6 5 4 3 2 1 0 10.05 9.06 8.06 7.07 6.08 5.1 4.12 3.16 2.24 1.41 1 10.2 9.22 8.25 7.28 6.32 5.39 4.47 3.61 2.83 2.24 2 10.44 9.49 8.54 7.62 6.71 5.83 5 4.24 3.61 3.16 3 10.77 9.85 8.94 8.06 7.21 6.4 5.66 5 4.47 4.12 4 11.18 10.3 9.43 8.6 7.81 7.07 6.4 5.83 5.39 5.1 5 11.66 10.82 10 9.22 8.49 7.81 7.21 6.71 6.32 6.08 6 12.21 11.4 10.63 9.9 9.22 8.6 8.06 7.62 7.28 7.07 7 12.81 12.04 11.31 10.63 10 9.43 8.94 8.54 8.25 8.06 8 13.45 12.73 12.04 11.4 10.82 10.3 9.85 9.49 9.22 9.06 9
 2 2.24 2.83 3.61 4.47 5.39 6.32 7.28 8.25 9.22 10.2 1 1.41 2.24 3.16 4.12 5.1 6.08 7.07 8.06 9.06 10.05 0 1 2 3 4 5 6 7 8 9 10 1 1.41 2.24 3.16 4.12 5.1 6.08 7.07 8.06 9.06 10.05 2 2.24 2.83 3.61 4.47 5.39 6.32 7.28 8.25 9.22 10.2 3 3.16 3.61 4.24 5 5.83 6.71 7.62 8.54 9.49 10.44 4 4.12 4.47 5 5.66 6.4 7.21 8.06 8.94 9.85 10.77 5 5.1 5.39 5.83 6.4 7.07 7.81 8.6 9.43 10.3 11.18 6 6.08 6.32 6.71 7.21 7.81 8.49 9.22 10 10.82 11.66 7 7.07 7.28 7.62 8.06 8.6 9.22 9.9 10.63 11.4 12.21 8 8.06 8.25 8.54 8.94 9.43 10 10.63 11.31 12.04 12.81
 2.24 2 2.24 2.83 3.61 4.47 5.39 6.32 7.28 8.25 9.22 1.41 1 1.41 2.24 3.16 4.12 5.1 6.08 7.07 8.06 9.06 1 0 1 2 3 4 5 6 7 8 9 1.41 1 1.41 2.24 3.16 4.12 5.1 6.08 7.07 8.06 9.06 2.24 2 2.24 2.83 3.61 4.47 5.39 6.32 7.28 8.25 9.22 3.16 3 3.16 3.61 4.24 5 5.83 6.71 7.62 8.54 9.49 4.12 4 4.12 4.47 5 5.66 6.4 7.21 8.06 8.94 9.85 5.1 5 5.1 5.39 5.83 6.4 7.07 7.81 8.6 9.43 10.3 6.08 6 6.08 6.32 6.71 7.21 7.81 8.49 9.22 10 10.82 7.07 7 7.07 7.28 7.62 8.06 8.6 9.22 9.9 10.63 11.4 8.06 8 8.06 8.25 8.54 8.94 9.43 10 10.63 11.31 12.04
 2.83 2.24 2 2.24 2.83 3.61 4.47 5.39 6.32 7.28 8.25 2.24 1.41 1 1.41 2.24 3.16 4.12 5.1 6.08 7.07 8.06 2 1 0 1 2 3 4 5 6 7 8 2.24 1.41 1 1.41 2.24 3.16 4.12 5.1 6.08 7.07 8.06 2.83 2.24 2 2.24 2.83 3.61 4.47 5.39 6.32 7.28 8.25 3.61 3.16 3 3.16 3.61 4.24 5 5.83 6.71 7.62 8.54 4.47 4.12 4 4.12 4.47 5 5.66 6.4 7.21 8.06 8.94 5.39 5.1 5 5.1 5.39 5.83 6.4 7.07 7.81 8.6 9.43 6.32 6.08 6 6.08 6.32 6.71 7.21 7.81 8.49 9.22 10 7.28 7.07 7 7.07 7.28 7.62 8.06 8.6 9.22 9.9 10.63 8.25 8.06 8 8.06 8.25 8.54 8.94 9.43 10 10.63 11.31
 3.61 2.83 2.24 2 2.24 2.83 3.61 4.47 5.39 6.32 7.28 3.16 2.24 1.41 1 1.41 2.24 3.16 4.12 5.1 6.08 7.07 3 2 1 0 1 2 3 4 5 6 7 3.16 2.24 1.41 1 1.41 2.24 3.16 4.12 5.1 6.08 7.07 3.61 2.83 2.24 2 2.24 2.83 3.61 4.47 5.39 6.32 7.28 4.24 3.61 3.16 3 3.16 3.61 4.24 5 5.83 6.71 7.62 5 4.47 4.12 4 4.12 4.47 5 5.66 6.4 7.21 8.06 5.83 5.39 5.1 5 5.1 5.39 5.83 6.4 7.07 7.81 8.6 6.71 6.32 6.08 6 6.08 6.32 6.71 7.21 7.81 8.49 9.22 7.62 7.28 7.07 7 7.07 7.28 7.62 8.06 8.6 9.22 9.9 8.54 8.25 8.06 8 8.06 8.25 8.54 8.94 9.43 10 10.63
 4.47 3.61 2.83 2.24 2 2.24 2.83 3.61 4.47 5.39 6.32 4.12 3.16 2.24 1.41 1 1.41 2.24 3.16 4.12 5.1 6.08 4 3 2 1 0 1 2 3 4 5 6 4.12 3.16 2.24 1.41 1 1.41 2.24 3.16 4.12 5.1 6.08 4.47 3.61 2.83 2.24 2 2.24 2.83 3.61 4.47 5.39 6.32 5 4.24 3.61 3.16 3 3.16 3.61 4.24 5 5.83 6.71 5.66 5 4.47 4.12 4 4.12 4.47 5 5.66 6.4 7.21 6.4 5.83 5.39 5.1 5 5.1 5.39 5.83 6.4 7.07 7.81 7.21 6.71 6.32 6.08 6 6.08 6.32 6.71 7.21 7.81 8.49 8.06 7.62 7.28 7.07 7 7.07 7.28 7.62 8.06 8.6 9.22 8.94 8.54 8.25 8.06 8 8.06 8.25 8.54 8.94 9.43 10
 5.39 4.47 3.61 2.83 2.24 2 2.24 2.83 3.61 4.47 5.39 5.1 4.12 3.16 2.24 1.41 1 1.41 2.24 3.16 4.12 5.1 5 4 3 2 1 0 1 2 3 4 5 5.1 4.12 3.16 2.24 1.41 1 1.41 2.24 3.16 4.12 5.1 5.39 4.47 3.61 2.83 2.24 2 2.24 2.83 3.61 4.47 5.39 5.83 5 4.24 3.61 3.16 3 3.16 3.61 4.24 5 5.83 6.4 5.66 5 4.47 4.12 4 4.12 4.47 5 5.66 6.4 7.07 6.4 5.83 5.39 5.1 5 5.1 5.39 5.83 6.4 7.07 7.81 7.21 6.71 6.32 6.08 6 6.08 6.32 6.71 7.21 7.81 8.6 8.06 7.62 7.28 7.07 7 7.07 7.28 7.62 8.06 8.6 9.43 8.94 8.54 8.25 8.06 8 8.06 8.25 8.54 8.94 9.43
 6.32 5.39 4.47 3.61 2.83 2.24 2 2.24 2.83 3.61 4.47 6.08 5.1 4.12 3.16 2.24 1.41 1 1.41 2.24 3.16 4.12 6 5 4 3 2 1 0 1 2 3 4 6.08 5.1 4.12 3.16 2.24 1.41 1 1.41 2.24 3.16 4.12 6.32 5.39 4.47 3.61 2.83 2.24 2 2.24 2.83 3.61 4.47 6.71 5.83 5 4.24 3.61 3.16 3 3.16 3.61 4.24 5 7.21 6.4 5.66 5 4.47 4.12 4 4.12 4.47 5 5.66 7.81 7.07 6.4 5.83 5.39 5.1 5 5.1 5.39 5.83 6.4 8.49 7.81 7.21 6.71 6.32 6.08 6 6.08 6.32 6.71 7.21 9.22 8.6 8.06 7.62 7.28 7.07 7 7.07 7.28 7.62 8.06 10 9.43 8.94 8.54 8.25 8.06 8 8.06 8.25 8.54 8.94
 7.28 6.32 5.39 4.47 3.61 2.83 2.24 2 2.24 2.83 3.61 7.07 6.08 5.1 4.12 3.16 2.24 1.41 1 1.41 2.24 3.16 7 6 5 4 3 2 1 0 1 2 3 7.07 6.08 5.1 4.12 3.16 2.24 1.41 1 1.41 2.24 3.16 7.28 6.32 5.39 4.47 3.61 2.83 2.24 2 2.24 2.83 3.61 7.62 6.71 5.83 5 4.24 3.61 3.16 3 3.16 3.61 4.24 8.06 7.21 6.4 5.66 5 4.47 4.12 4 4.12 4.47 5 8.6 7.81 7.07 6.4 5.83 5.39 5.1 5 5.1 5.39 5.83 9.22 8.49 7.81 7.21 6.71 6.32 6.08 6 6.08 6.32 6.71 9.9 9.22 8.6 8.06 7.62 7.28 7.07 7 7.07 7.28 7.62 10.63 10 9.43 8.94 8.54 8.25 8.06 8 8.06 8.25 8.54
 8.25 7.28 6.32 5.39 4.47 3.61 2.83 2.24 2 2.24 2.83 8.06 7.07 6.08 5.1 4.12 3.16 2.24 1.41 1 1.41 2.24 8 7 6 5 4 3 2 1 0 1 2 8.06 7.07 6.08 5.1 4.12 3.16 2.24 1.41 1 1.41 2.24 8.25 7.28 6.32 5.39 4.47 3.61 2.83 2.24 2 2.24 2.83 8.54 7.62 6.71 5.83 5 4.24 3.61 3.16 3 3.16 3.61 8.94 8.06 7.21 6.4 5.66 5 4.47 4.12 4 4.12 4.47 9.43 8.6 7.81 7.07 6.4 5.83 5.39 5.1 5 5.1 5.39 10 9.22 8.49 7.81 7.21 6.71 6.32 6.08 6 6.08 6.32 10.63 9.9 9.22 8.6 8.06 7.62 7.28 7.07 7 7.07 7.28 11.31 10.63 10 9.43 8.94 8.54 8.25 8.06 8 8.06 8.25
 9.22 8.25 7.28 6.32 5.39 4.47 3.61 2.83 2.24 2 2.24 9.06 8.06 7.07 6.08 5.1 4.12 3.16 2.24 1.41 1 1.41 9 8 7 6 5 4 3 2 1 0 1 9.06 8.06 7.07 6.08 5.1 4.12 3.16 2.24 1.41 1 1.41 9.22 8.25 7.28 6.32 5.39 4.47 3.61 2.83 2.24 2 2.24 9.49 8.54 7.62 6.71 5.83 5 4.24 3.61 3.16 3 3.16 9.85 8.94 8.06 7.21 6.4 5.66 5 4.47 4.12 4 4.12 10.3 9.43 8.6 7.81 7.07 6.4 5.83 5.39 5.1 5 5.1 10.82 10 9.22 8.49 7.81 7.21 6.71 6.32 6.08 6 6.08 11.4 10.63 9.9 9.22 8.6 8.06 7.62 7.28 7.07 7 7.07 12.04 11.31 10.63 10 9.43 8.94 8.54 8.25 8.06 8 8.06
 10.2 9.22 8.25 7.28 6.32 5.39 4.47 3.61 2.83 2.24 2 10.05 9.06 8.06 7.07 6.08 5.1 4.12 3.16 2.24 1.41 1 10 9 8 7 6 5 4 3 2 1 0 10.05 9.06 8.06 7.07 6.08 5.1 4.12 3.16 2.24 1.41 1 10.2 9.22 8.25 7.28 6.32 5.39 4.47 3.61 2.83 2.24 2 10.44 9.49 8.54 7.62 6.71 5.83 5 4.24 3.61 3.16 3 10.77 9.85 8.94 8.06 7.21 6.4 5.66 5 4.47 4.12 4 11.18 10.3 9.43 8.6 7.81 7.07 6.4 5.83 5.39 5.1 5 11.66 10.82 10 9.22 8.49 7.81 7.21 6.71 6.32 6.08 6 12.21 11.4 10.63 9.9 9.22 8.6 8.06 7.62 7.28 7.07 7 12.81 12.04 11.31 10.63 10 9.43 8.94 8.54 8.25 8.06 8
 3 3.16 3.61 4.24 5 5.83 6.71 7.62 8.54 9.49 10.44 2 2.24 2.83 3.61 4.47 5.39 6.32 7.28 8.25 9.22 10.2 1 1.41 2.24 3.16 4.12 5.1 6.08 7.07 8.06 9.06 10.05 0 1 2 3 4 5 6 7 8 9 10 1 1.41 2.24 3.16 4.12 5.1 6.08 7.07 8.06 9.06 10.05 2 2.24 2.83 3.61 4.47 5.39 6.32 7.28 8.25 9.22 10.2 3 3.16 3.61 4.24 5 5.83 6.71 7.62 8.54 9.49 10.44 4 4.12 4.47 5 5.66 6.4 7.21 8.06 8.94 9.85 10.77 5 5.1 5.39 5.83 6.4 7.07 7.81 8.6 9.43 10.3 11.18 6 6.08 6.32 6.71 7.21 7.81 8.49 9.22 10 10.82 11.66 7 7.07 7.28 7.62 8.06 8.6 9.22 9.9 10.63 11.4 12.21
 3.16 3 3.16 3.61 4.24 5 5.83 6.71 7.62 8.54 9.49 2.24 2 2.24 2.83 3.61 4.47 5.39 6.32 7.28 8.25 9.22 1.41 1 1.41 2.24 3.16 4.12 5.1 6.08 7.07 8.06 9.06 1 0 1 2 3 4 5 6 7 8 9 1.41 1 1.41 2.24 3.16 4.12 5.1 6.08 7.07 8.06 9.06 2.24 2 2.24 2.83 3.61 4.47 5.39 6.32 7.28 8.25 9.22 3.16 3 3.16 3.61 4.24 5 5.83 6.71 7.62 8.54 9.49 4.12 4 4.12 4.47 5 5.66 6.4 7.21 8.06 8.94 9.85 5.1 5 5.1 5.39 5.83 6.4 7.07 7.81 8.6 9.43 10.3 6.08 6 6.08 6.32 6.71 7.21 7.81 8.49 9.22 10 10.82 7.07 7 7.07 7.28 7.62 8.06 8.6 9.22 9.9 10.63 11.4
 3.61 3.16 3 3.16 3.61 4.24 5 5.83 6.71 7.62 8.54 2.83 2.24 2 2.24 2.83 3.61 4.47 5.39 6.32 7.28 8.25 2.24 1.41 1 1.41 2.24 3.16 4.12 5.1 6.08 7.07 8.06 2 1 0 1 2 3 4 5 6 7 8 2.24 1.41 1 1.41 2.24 3.16 4.12 5.1 6.08 7.07 8.06 2.83 2.24 2 2.24 2.83 3.61 4.47 5.39 6.32 7.28 8.25 3.61 3.16 3 3.16 3.61 4.24 5 5.83 6.71 7.62 8.54 4.47 4.12 4 4.12 4.47 5 5.66 6.4 7.21 8.06 8.94 5.39 5.1 5 5.1 5.39 5.83 6.4 7.07 7.81 8.6 9.43 6.32 6.08 6 6.08 6.32 6.71 7.21 7.81 8.49 9.22 10 7.28 7.07 7 7.07 7.28 7.62 8.06 8.6 9.22 9.9 10.63
 4.24 3.61 3.16 3 3.16 3.61 4.24 5 5.83 6.71 7.62 3.61 2.83 2.24 2 2.24 2.83 3.61 4.47 5.39 6.32 7.28 3.16 2.24 1.41 1 1.41 2.24 3.16 4.12 5.1 6.08 7.07 3 2 1 0 1 2 3 4 5 6 7 3.16 2.24 1.41 1 1.41 2.24 3.16 4.12 5.1 6.08 7.07 3.61 2.83 2.24 2 2.24 2.83 3.61 4.47 5.39 6.32 7.28 4.24 3.61 3.16 3 3.16 3.61 4.24 5 5.83 6.71 7.62 5 4.47 4.12 4 4.12 4.47 5 5.66 6.4 7.21 8.06 5.83 5.39 5.1 5 5.1 5.39 5.83 6.4 7.07 7.81 8.6 6.71 6.32 6.08 6 6.08 6.32 6.71 7.21 7.81 8.49 9.22 7.62 7.28 7.07 7 7.07 7.28 7.62 8.06 8.6 9.22 9.9
 5 4.24 3.61 3.16 3 3.16 3.61 4.24 5 5.83 6.71 4.47 3.61 2.83 2.24 2 2.24 2.83 3.61 4.47 5.39 6.32 4.12 3.16 2.24 1.41 1 1.41 2.24 3.16 4.12 5.1 6.08 4 3 2 1 0 1 2 3 4 5 6 4.12 3.16 2.24 1.41 1 1.41 2.24 3.16 4.12 5.1 6.08 4.47 3.61 2.83 2.24 2 2.24 2.83 3.61 4.47 5.39 6.32 5 4.24 3.61 3.16 3 3.16 3.61 4.24 5 5.83 6.71 5.66 5 4.47 4.12 4 4.12 4.47 5 5.66 6.4 7.21 6.4 5.83 5.39 5.1 5 5.1 5.39 5.83 6.4 7.07 7.81 7.21 6.71 6.32 6.08 6 6.08 6.32 6.71 7.21 7.81 8.49 8.06 7.62 7.28 7.07 7 7.07 7.28 7.62 8.06 8.6 9.22
 5.83 5 4.24 3.61 3.16 3 3.16 3.61 4.24 5 5.83 5.39 4.47 3.61 2.83 2.24 2 2.24 2.83 3.61 4.47 5.39 5.1 4.12 3.16 2.24 1.41 1 1.41 2.24 3.16 4.12 5.1 5 4 3 2 1 0 1 2 3 4 5 5.1 4.12 3.16 2.24 1.41 1 1.41 2.24 3.16 4.12 5.1 5.39 4.47 3.61 2.83 2.24 2 2.24 2.83 3.61 4.47 5.39 5.83 5 4.24 3.61 3.16 3 3.16 3.61 4.24 5 5.83 6.4 5.66 5 4.47 4.12 4 4.12 4.47 5 5.66 6.4 7.07 6.4 5.83 5.39 5.1 5 5.1 5.39 5.83 6.4 7.07 7.81 7.21 6.71 6.32 6.08 6 6.08 6.32 6.71 7.21 7.81 8.6 8.06 7.62 7.28 7.07 7 7.07 7.28 7.62 8.06 8.6
 6.71 5.83 5 4.24 3.61 3.16 3 3.16 3.61 4.24 5 6.32 5.39 4.47 3.61 2.83 2.24 2 2.24 2.83 3.61 4.47 6.08 5.1 4.12 3.16 2.24 1.41 1 1.41 2.24 3.16 4.12 6 5 4 3 2 1 0 1 2 3 4 6.08 5.1 4.12 3.16 2.24 1.41 1 1.41 2.24 3.16 4.12 6.32 5.39 4.47 3.61 2.83 2.24 2 2.24 2.83 3.61 4.47 6.71 5.83 5 4.24 3.61 3.16 3 3.16 3.61 4.24 5 7.21 6.4 5.66 5 4.47 4.12 4 4.12 4.47 5 5.66 7.81 7.07 6.4 5.83 5.39 5.1 5 5.1 5.39 5.83 6.4 8.49 7.81 7.21 6.71 6.32 6.08 6 6.08 6.32 6.71 7.21 9.22 8.6 8.06 7.62 7.28 7.07 7 7.07 7.28 7.62 8.06
 7.62 6.71 5.83 5 4.24 3.61 3.16 3 3.16 3.61 4.24 7.28 6.32 5.39 4.47 3.61 2.83 2.24 2 2.24 2.83 3.61 7.07 6.08 5.1 4.12 3.16 2.24 1.41 1 1.41 2.24 3.16 7 6 5 4 3 2 1 0 1 2 3 7.07 6.08 5.1 4.12 3.16 2.24 1.41 1 1.41 2.24 3.16 7.28 6.32 5.39 4.47 3.61 2.83 2.24 2 2.24 2.83 3.61 7.62 6.71 5.83 5 4.24 3.61 3.16 3 3.16 3.61 4.24 8.06 7.21 6.4 5.66 5 4.47 4.12 4 4.12 4.47 5 8.6 7.81 7.07 6.4 5.83 5.39 5.1 5 5.1 5.39 5.83 9.22 8.49 7.81 7.21 6.71 6.32 6.08 6 6.08 6.32 6.71 9.9 9.22 8.6 8.06 7.62 7.28 7.07 7 7.07 7.28 7.62
 8.54 7.62 6.71 5.83 5 4.24 3.61 3.16 3 3.16 3.61 8.25 7.28 6.32 5.39 4.47 3.61 2.83 2.24 2 2.24 2.83 8.06 7.07 6.08 5.1 4.12 3.16 2.24 1.41 1 1.41 2.24 8 7 6 5 4 3 2 1 0 1 2 8.06 7.07 6.08 5.1 4.12 3.16 2.24 1.41 1 1.41 2.24 8.25 7.28 6.32 5.39 4.47 3.61 2.83 2.24 2 2.24 2.83 8.54 7.62 6.71 5.83 5 4.24 3.61 3.16 3 3.16 3.61 8.94 8.06 7.21 6.4 5.66 5 4.47 4.12 4 4.12 4.47 9.43 8.6 7.81 7.07 6.4 5.83 5.39 5.1 5 5.1 5.39 10 9.22 8.49 7.81 7.21 6.71 6.32 6.08 6 6.08 6.32 10.63 9.9 9.22 8.6 8.06 7.62 7.28 7.07 7 7.07 7.28
 9.49 8.54 7.62 6.71 5.83 5 4.24 3.61 3.16 3 3.16 9.22 8.25 7.28 6.32 5.39 4.47 3.61 2.83 2.24 2 2.24 9.06 8.06 7.07 6.08 5.1 4.12 3.16 2.24 1.41 1 1.41 9 8 7 6 5 4 3 2 1 0 1 9.06 8.06 7.07 6.08 5.1 4.12 3.16 2.24 1.41 1 1.41 9.22 8.25 7.28 6.32 5.39 4.47 3.61 2.83 2.24 2 2.24 9.49 8.54 7.62 6.71 5.83 5 4.24 3.61 3.16 3 3.16 9.85 8.94 8.06 7.21 6.4 5.66 5 4.47 4.12 4 4.12 10.3 9.43 8.6 7.81 7.07 6.4 5.83 5.39 5.1 5 5.1 10.82 10 9.22 8.49 7.81 7.21 6.71 6.32 6.08 6 6.08 11.4 10.63 9.9 9.22 8.6 8.06 7.62 7.28 7.07 7 7.07
 10.44 9.49 8.54 7.62 6.71 5.83 5 4.24 3.61 3.16 3 10.2 9.22 8.25 7.28 6.32 5.39 4.47 3.61 2.83 2.24 2 10.05 9.06 8.06 7.07 6.08 5.1 4.12 3.16 2.24 1.41 1 10 9 8 7 6 5 4 3 2 1 0 10.05 9.06 8.06 7.07 6.08 5.1 4.12 3.16 2.24 1.41 1 10.2 9.22 8.25 7.28 6.32 5.39 4.47 3.61 2.83 2.24 2 10.44 9.49 8.54 7.62 6.71 5.83 5 4.24 3.61 3.16 3 10.77 9.85 8.94 8.06 7.21 6.4 5.66 5 4.47 4.12 4 11.18 10.3 9.43 8.6 7.81 7.07 6.4 5.83 5.39 5.1 5 11.66 10.82 10 9.22 8.49 7.81 7.21 6.71 6.32 6.08 6 12.21 11.4 10.63 9.9 9.22 8.6 8.06 7.62 7.28 7.07 7
 4 4.12 4.47 5 5.66 6.4 7.21 8.06 8.94 9.85 10.77 3 3.16 3.61 4.24 5 5.83 6.71 7.62 8.54 9.49 10.44 2 2.24 2.83 3.61 4.47 5.39 6.32 7.28 8.25 9.22 10.2 1 1.41 2.24 3.16 4.12 5.1 6.08 7.07 8.06 9.06 10.05 0 1 2 3 4 5 6 7 8 9 10 1 1.41 2.24 3.16 4.12 5.1 6.08 7.07 8.06 9.06 10.05 2 2.24 2.83 3.61 4.47 5.39 6.32 7.28 8.25 9.22 10.2 3 3.16 3.61 4.24 5 5.83 6.71 7.62 8.54 9.49 10.44 4 4.12 4.47 5 5.66 6.4 7.21 8.06 8.94 9.85 10.77 5 5.1 5.39 5.83 6.4 7.07 7.81 8.6 9.43 10.3 11.18 6 6.08 6.32 6.71 7.21 7.81 8.49 9.22 10 10.82 11.66
 4.12 4 4.12 4.47 5 5.66 6.4 7.21 8.06 8.94 9.85 3.16 3 3.16 3.61 4.24 5 5.83 6.71 7.62 8.54 9.49 2.24 2 2.24 2.83 3.61 4.47 5.39 6.32 7.28 8.25 9.22 1.41 1 1.41 2.24 3.16 4.12 5.1 6.08 7.07 8.06 9.06 1 0 1 2 3 4 5 6 7 8 9 1.41 1 1.41 2.24 3.16 4.12 5.1 6.08 7.07 8.06 9.06 2.24 2 2.24 2.83 3.61 4.47 5.39 6.32 7.28 8.25 9.22 3.16 3 3.16 3.61 4.24 5 5.83 6.71 7.62 8.54 9.49 4.12 4 4.12 4.47 5 5.66 6.4 7.21 8.06 8.94 9.85 5.1 5 5.1 5.39 5.83 6.4 7.07 7.81 8.6 9.43 10.3 6.08 6 6.08 6.32 6.71 7.21 7.81 8.49 9.22 10 10.82
 4.47 4.12 4 4.12 4.47 5 5.66 6.4 7.21 8.06 8.94 3.61 3.16 3 3.16 3.61 4.24 5 5.83 6.71 7.62 8.54 2.83 2.24 2 2.24 2.83 3.61 4.47 5.39 6.32 7.28 8.25 2.24 1.41 1 1.41 2.24 3.16 4.12 5.1 6.08 7.07 8.06 2 1 0 1 2 3 4 5 6 7 8 2.24 1.41 1 1.41 2.24 3.16 4.12 5.1 6.08 7.07 8.06 2.83 2.24 2 2.24 2.83 3.61 4.47 5.39 6.32 7.28 8.25 3.61 3.16 3 3.16 3.61 4.24 5 5.83 6.71 7.62 8.54 4.47 4.12 4 4.12 4.47 5 5.66 6.4 7.21 8.06 8.94 5.39 5.1 5 5.1 5.39 5.83 6.4 7.07 7.81 8.6 9.43 6.32 6.08 6 6.08 6.32 6.71 7.21 7.81 8.49 9.22 10
 5 4.47 4.12 4 4.12 4.47 5 5.66 6.4 7.21 8.06 4.24 3.61 3.16 3 3.16 3.61 4.24 5 5.83 6.71 7.62 3.61 2.83 2.24 2 2.24 2.83 3.61 4.47 5.39 6.32 7.28 3.16 2.24 1.41 1 1.41 2.24 3.16 4.12 5.1 6.08 7.07 3 2 1 0 1 2 3 4 5 6 7 3.16 2.24 1.41 1 1.41 2.24 3.16 4.12 5.1 6.08 7.07 3.61 2.83 2.24 2 2.24 2.83 3.61 4.47 5.39 6.32 7.28 4.24 3.61 3.16 3 3.16 3.61 4.24 5 5.83 6.71 7.62 5 4.47 4.12 4 4.12 4.47 5 5.66 6.4 7.21 8.06 5.83 5.39 5.1 5 5.1 5.39 5.83 6.4 7.07 7.81 8.6 6.71 6.32 6.08 6 6.08 6.32 6.71 7.21 7.81 8.49 9.22
 5.66 5 4.47 4.12 4 4.12 4.47 5 5.66 6.4 7.21 5 4.24 3.61 3.16 3 3.16 3.61 4.24 5 5.83 6.71 4.47 3.61 2.83 2.24 2 2.24 2.83 3.61 4.47 5.39 6.32 4.12 3.16 2.24 1.41 1 1.41 2.24 3.16 4.12 5.1 6.08 4 3 2 1 0 1 2 3 4 5 6 4.12 3.16 2.24 1.41 1 1.41 2.24 3.16 4.12 5.1 6.08 4.47 3.61 2.83 2.24 2 2.24 2.83 3.61 4.47 5.39 6.32 5 4.24 3.61 3.16 3 3.16 3.61 4.24 5 5.83 6.71 5.66 5 4.47 4.12 4 4.12 4.47 5 5.66 6.4 7.21 6.4 5.83 5.39 5.1 5 5.1 5.39 5.83 6.4 7.07 7.81 7.21 6.71 6.32 6.08 6 6.08 6.32 6.71 7.21 7.81 8.49
 6.4 5.66 5 4.47 4.12 4 4.12 4.47 5 5.66 6.4 5.83 5 4.24 3.61 3.16 3 3.16 3.61 4.24 5 5.83 5.39 4.47 3.61 2.83 2.24 2 2.24 2.83 3.61 4.47 5.39 5.1 4.12 3.16 2.24 1.41 1 1.41 2.24 3.16 4.12 5.1 5 4 3 2 1 0 1 2 3 4 5 5.1 4.12 3.16 2.24 1.41 1 1.41 2.24 3.16 4.12 5.1 5.39 4.47 3.61 2.83 2.24 2 2.24 2.83 3.61 4.47 5.39 5.83 5 4.24 3.61 3.16 3 3.16 3.61 4.24 5 5.83 6.4 5.66 5 4.47 4.12 4 4.12 4.47 5 5.66 6.4 7.07 6.4 5.83 5.39 5.1 5 5.1 5.39 5.83 6.4 7.07 7.81 7.21 6.71 6.32 6.08 6 6.08 6.32 6.71 7.21 7.81
 7.21 6.4 5.66 5 4.47 4.12 4 4.12 4.47 5 5.66 6.71 5.83 5 4.24 3.61 3.16 3 3.16 3.61 4.24 5 6.32 5.39 4.47 3.61 2.83 2.24 2 2.24 2.83 3.61 4.47 6.08 5.1 4.12 3.16 2.24 1.41 1 1.41 2.24 3.16 4.12 6 5 4 3 2 1 0 1 2 3 4 6.08 5.1 4.12 3.16 2.24 1.41 1 1.41 2.24 3.16 4.12 6.32 5.39 4.47 3.61 2.83 2.24 2 2.24 2.83 3.61 4.47 6.71 5.83 5 4.24 3.61 3.16 3 3.16 3.61 4.24 5 7.21 6.4 5.66 5 4.47 4.12 4 4.12 4.47 5 5.66 7.81 7.07 6.4 5.83 5.39 5.1 5 5.1 5.39 5.83 6.4 8.49 7.81 7.21 6.71 6.32 6.08 6 6.08 6.32 6.71 7.21
 8.06 7.21 6.4 5.66 5 4.47 4.12 4 4.12 4.47 5 7.62 6.71 5.83 5 4.24 3.61 3.16 3 3.16 3.61 4.24 7.28 6.32 5.39 4.47 3.61 2.83 2.24 2 2.24 2.83 3.61 7.07 6.08 5.1 4.12 3.16 2.24 1.41 1 1.41 2.24 3.16 7 6 5 4 3 2 1 0 1 2 3 7.07 6.08 5.1 4.12 3.16 2.24 1.41 1 1.41 2.24 3.16 7.28 6.32 5.39 4.47 3.61 2.83 2.24 2 2.24 2.83 3.61 7.62 6.71 5.83 5 4.24 3.61 3.16 3 3.16 3.61 4.24 8.06 7.21 6.4 5.66 5 4.47 4.12 4 4.12 4.47 5 8.6 7.81 7.07 6.4 5.83 5.39 5.1 5 5.1 5.39 5.83 9.22 8.49 7.81 7.21 6.71 6.32 6.08 6 6.08 6.32 6.71
 8.94 8.06 7.21 6.4 5.66 5 4.47 4.12 4 4.12 4.47 8.54 7.62 6.71 5.83 5 4.24 3.61 3.16 3 3.16 3.61 8.25 7.28 6.32 5.39 4.47 3.61 2.83 2.24 2 2.24 2.83 8.06 7.07 6.08 5.1 4.12 3.16 2.24 1.41 1 1.41 2.24 8 7 6 5 4 3 2 1 0 1 2 8.06 7.07 6.08 5.1 4.12 3.16 2.24 1.41 1 1.41 2.24 8.25 7.28 6.32 5.39 4.47 3.61 2.83 2.24 2 2.24 2.83 8.54 7.62 6.71 5.83 5 4.24 3.61 3.16 3 3.16 3.61 8.94 8.06 7.21 6.4 5.66 5 4.47 4.12 4 4.12 4.47 9.43 8.6 7.81 7.07 6.4 5.83 5.39 5.1 5 5.1 5.39 10 9.22 8.49 7.81 7.21 6.71 6.32 6.08 6 6.08 6.32
 9.85 8.94 8.06 7.21 6.4 5.66 5 4.47 4.12 4 4.12 9.49 8.54 7.62 6.71 5.83 5 4.24 3.61 3.16 3 3.16 9.22 8.25 7.28 6.32 5.39 4.47 3.61 2.83 2.24 2 2.24 9.06 8.06 7.07 6.08 5.1 4.12 3.16 2.24 1.41 1 1.41 9 8 7 6 5 4 3 2 1 0 1 9.06 8.06 7.07 6.08 5.1 4.12 3.16 2.24 1.41 1 1.41 9.22 8.25 7.28 6.32 5.39 4.47 3.61 2.83 2.24 2 2.24 9.49 8.54 7.62 6.71 5.83 5 4.24 3.61 3.16 3 3.16 9.85 8.94 8.06 7.21 6.4 5.66 5 4.47 4.12 4 4.12 10.3 9.43 8.6 7.81 7.07 6.4 5.83 5.39 5.1 5 5.1 10.82 10 9.22 8.49 7.81 7.21 6.71 6.32 6.08 6 6.08
 10.77 9.85 8.94 8.06 7.21 6.4 5.66 5 4.47 4.12 4 10.44 9.49 8.54 7.62 6.71 5.83 5 4.24 3.61 3.16 3 10.2 9.22 8.25 7.28 6.32 5.39 4.47 3.61 2.83 2.24 2 10.05 9.06 8.06 7.07 6.08 5.1 4.12 3.16 2.24 1.41 1 10 9 8 7 6 5 4 3 2 1 0 10.05 9.06 8.06 7.07 6.08 5.1 4.12 3.16 2.24 1.41 1 10.2 9.22 8.25 7.28 6.32 5.39 4.47 3.61 2.83 2.24 2 10.44 9.49 8.54 7.62 6.71 5.83 5 4.24 3.61 3.16 3 10.77 9.85 8.94 8.06 7.21 6.4 5.66 5 4.47 4.12 4 11.18 10.3 9.43 8.6 7.81 7.07 6.4 5.83 5.39 5.1 5 11.66 10.82 10 9.22 8.49 7.81 7.21 6.71 6.32 6.08 6
 5 5.1 5.39 5.83 6.4 7.07 7.81 8.6 9.43 10.3 11.18 4 4.12 4.47 5 5.66 6.4 7.21 8.06 8.94 9.85 10.77 3 3.16 3.61 4.24 5 5.83 6.71 7.62 8.54 9.49 10.44 2 2.24 2.83 3.61 4.47 5.39 6.32 7.28 8.25 9.22 10.2 1 1.41 2.24 3.16 4.12 5.1 6.08 7.07 8.06 9.06 10.05 0 1 2 3 4 5 6 7 8 9 10 1 1.41 2.24 3.16 4.12 5.1 6.08 7.07 8.06 9.06 10.05 2 2.24 2.83 3.61 4.47 5.39 6.32 7.28 8.25 9.22 10.2 3 3.16 3.61 4.24 5 5.83 6.71 7.62 8.54 9.49 10.44 4 4.12 4.47 5 5.66 6.4 7.21 8.06 8.94 9.85 10.77 5 5.1 5.39 5.83 6.4 7.07 7.81 8.6 9.43 10.3 11.18
 5.1 5 5.1 5.39 5.83 6.4 7.07 7.81 8.6 9.43 10.3 4.12 4 4.12 4.47 5 5.66 6.4 7.21 8.06 8.94 9.85 3.16 3 3.16 3.61 4.24 5 5.83 6.71 7.62 8.54 9.49 2.24 2 2.24 2.83 3.61 4.47 5.39 6.32 7.28 8.25 9.22 1.41 1 1.41 2.24 3.16 4.12 5.1 6.08 7.07 8.06 9.06 1 0 1 2 3 4 5 6 7 8 9 1.41 1 1.41 2.24 3.16 4.12 5.1 6.08 7.07 8.06 9.06 2.24 2 2.24 2.83 3.61 4.47 5.39 6.32 7.28 8.25 9.22 3.16 3 3.16 3.61 4.24 5 5.83 6.71 7.62 8.54 9.49 4.12 4 4.12 4.47 5 5.66 6.4 7.21 8.06 8.94 9.85 5.1 5 5.1 5.39 5.83 6.4 7.07 7.81 8.6 9.43 10.3
 5.39 5.1 5 5.1 5.39 5.83 6.4 7.07 7.81 8.6 9.43 4.47 4.12 4 4.12 4.47 5 5.66 6.4 7.21 8.06 8.94 3.61 3.16 3 3.16 3.61 4.24 5 5.83 6.71 7.62 8.54 2.83 2.24 2 2.24 2.83 3.61 4.47 5.39 6.32 7.28 8.25 2.24 1.41 1 1.41 2.24 3.16 4.12 5.1 6.08 7.07 8.06 2 1 0 1 2 3 4 5 6 7 8 2.24 1.41 1 1.41 2.24 3.16 4.12 5.1 6.08 7.07 8.06 2.83 2.24 2 2.24 2.83 3.61 4.47 5.39 6.32 7.28 8.25 3.61 3.16 3 3.16 3.61 4.24 5 5.83 6.71 7.62 8.54 4.47 4.12 4 4.12 4.47 5 5.66 6.4 7.21 8.06 8.94 5.39 5.1 5 5.1 5.39 5.83 6.4 7.07 7.81 8.6 9.43
 5.83 5.39 5.1 5 5.1 5.39 5.83 6.4 7.07 7.81 8.6 5 4.47 4.12 4 4.12 4.47 5 5.66 6.4 7.21 8.06 4.24 3.61 3.16 3 3.16 3.61 4.24 5 5.83 6.71 7.62 3.61 2.83 2.24 2 2.24 2.83 3.61 4.47 5.39 6.32 7.28 3.16 2.24 1.41 1 1.41 2.24 3.16 4.12 5.1 6.08 7.07 3 2 1 0 1 2 3 4 5 6 7 3.16 2.24 1.41 1 1.41 2.24 3.16 4.12 5.1 6.08 7.07 3.61 2.83 2.24 2 2.24 2.83 3.61 4.47 5.39 6.32 7.28 4.24 3.61 3.16 3 3.16 3.61 4.24 5 5.83 6.71 7.62 5 4.47 4.12 4 4.12 4.47 5 5.66 6.4 7.21 8.06 5.83 5.39 5.1 5 5.1 5.39 5.83 6.4 7.07 7.81 8.6
 6.4 5.83 5.39 5.1 5 5.1 5.39 5.83 6.4 7.07 7.81 5.66 5 4.47 4.12 4 4.12 4.47 5 5.66 6.4 7.21 5 4.24 3.61 3.16 3 3.16 3.61 4.24 5 5.83 6.71 4.47 3.61 2.83 2.24 2 2.24 2.83 3.61 4.47 5.39 6.32 4.12 3.16 2.24 1.41 1 1.41 2.24 3.16 4.12 5.1 6.08 4 3 2 1 0 1 2 3 4 5 6 4.12 3.16 2.24 1.41 1 1.41 2.24 3.16 4.12 5.1 6.08 4.47 3.61 2.83 2.24 2 2.24 2.83 3.61 4.47 5.39 6.32 5 4.24 3.61 3.16 3 3.16 3.61 4.24 5 5.83 6.71 5.66 5 4.47 4.12 4 4.12 4.47 5 5.66 6.4 7.21 6.4 5.83 5.39 5.1 5 5.1 5.39 5.83 6.4 7.07 7.81
 7.07 6.4 5.83 5.39 5.1 5 5.1 5.39 5.83 6.4 7.07 6.4 5.66 5 4.47 4.12 4 4.12 4.47 5 5.66 6.4 5.83 5 4.24 3.61 3.16 3 3.16 3.61 4.24 5 5.83 5.39 4.47 3.61 2.83 2.24 2 2.24 2.83 3.61 4.47 5.39 5.1 4.12 3.16 2.24 1.41 1 1.41 2.24 3.16 4.12 5.1 5 4 3 2 1 0 1 2 3 4 5 5.1 4.12 3.16 2.24 1.41 1 1.41 2.24 3.16 4.12 5.1 5.39 4.47 3.61 2.83 2.24 2 2.24 2.83 3.61 4.47 5.39 5.83 5 4.24 3.61 3.16 3 3.16 3.61 4.24 5 5.83 6.4 5.66 5 4.47 4.12 4 4.12 4.47 5 5.66 6.4 7.07 6.4 5.83 5.39 5.1 5 5.1 5.39 5.83 6.4 7.07
 7.81 7.07 6.4 5.83 5.39 5.1 5 5.1 5.39 5.83 6.4 7.21 6.4 5.66 5 4.47 4.12 4 4.12 4.47 5 5.66 6.71 5.83 5 4.24 3.61 3.16 3 3.16 3.61 4.24 5 6.32 5.39 4.47 3.61 2.83 2.24 2 2.24 2.83 3.61 4.47 6.08 5.1 4.12 3.16 2.24 1.41 1 1.41 2.24 3.16 4.12 6 5 4 3 2 1 0 1 2 3 4 6.08 5.1 4.12 3.16 2.24 1.41 1 1.41 2.24 3.16 4.12 6.32 5.39 4.47 3.61 2.83 2.24 2 2.24 2.83 3.61 4.47 6.71 5.83 5 4.24 3.61 3.16 3 3.16 3.61 4.24 5 7.21 6.4 5.66 5 4.47 4.12 4 4.12 4.47 5 5.66 7.81 7.07 6.4 5.83 5.39 5.1 5 5.1 5.39 5.83 6.4
 8.6 7.81 7.07 6.4 5.83 5.39 5.1 5 5.1 5.39 5.83 8.06 7.21 6.4 5.66 5 4.47 4.12 4 4.12 4.47 5 7.62 6.71 5.83 5 4.24 3.61 3.16 3 3.16 3.61 4.24 7.28 6.32 5.39 4.47 3.61 2.83 2.24 2 2.24 2.83 3.61 7.07 6.08 5.1 4.12 3.16 2.24 1.41 1 1.41 2.24 3.16 7 6 5 4 3 2 1 0 1 2 3 7.07 6.08 5.1 4.12 3.16 2.24 1.41 1 1.41 2.24 3.16 7.28 6.32 5.39 4.47 3.61 2.83 2.24 2 2.24 2.83 3.61 7.62 6.71 5.83 5 4.24 3.61 3.16 3 3.16 3.61 4.24 8.06 7.21 6.4 5.66 5 4.47 4.12 4 4.12 4.47 5 8.6 7.81 7.07 6.4 5.83 5.39 5.1 5 5.1 5.39 5.83
 9.43 8.6 7.81 7.07 6.4 5.83 5.39 5.1 5 5.1 5.39 8.94 8.06 7.21 6.4 5.66 5 4.47 4.12 4 4.12 4.47 8.54 7.62 6.71 5.83 5 4.24 3.61 3.16 3 3.16 3.61 8.25 7.28 6.32 5.39 4.47 3.61 2.83 2.24 2 2.24 2.83 8.06 7.07 6.08 5.1 4.12 3.16 2.24 1.41 1 1.41 2.24 8 7 6 5 4 3 2 1 0 1 2 8.06 7.07 6.08 5.1 4.12 3.16 2.24 1.41 1 1.41 2.24 8.25 7.28 6.32 5.39 4.47 3.61 2.83 2.24 2 2.24 2.83 8.54 7.62 6.71 5.83 5 4.24 3.61 3.16 3 3.16 3.61 8.94 8.06 7.21 6.4 5.66 5 4.47 4.12 4 4.12 4.47 9.43 8.6 7.81 7.07 6.4 5.83 5.39 5.1 5 5.1 5.39
 10.3 9.43 8.6 7.81 7.07 6.4 5.83 5.39 5.1 5 5.1 9.85 8.94 8.06 7.21 6.4 5.66 5 4.47 4.12 4 4.12 9.49 8.54 7.62 6.71 5.83 5 4.24 3.61 3.16 3 3.16 9.22 8.25 7.28 6.32 5.39 4.47 3.61 2.83 2.24 2 2.24 9.06 8.06 7.07 6.08 5.1 4.12 3.16 2.24 1.41 1 1.41 9 8 7 6 5 4 3 2 1 0 1 9.06 8.06 7.07 6.08 5.1 4.12 3.16 2.24 1.41 1 1.41 9.22 8.25 7.28 6.32 5.39 4.47 3.61 2.83 2.24 2 2.24 9.49 8.54 7.62 6.71 5.83 5 4.24 3.61 3.16 3 3.16 9.85 8.94 8.06 7.21 6.4 5.66 5 4.47 4.12 4 4.12 10.3 9.43 8.6 7.81 7.07 6.4 5.83 5.39 5.1 5 5.1
 11.18 10.3 9.43 8.6 7.81 7.07 6.4 5.83 5.39 5.1 5 10.77 9.85 8.94 8.06 7.21 6.4 5.66 5 4.47 4.12 4 10.44 9.49 8.54 7.62 6.71 5.83 5 4.24 3.61 3.16 3 10.2 9.22 8.25 7.28 6.32 5.39 4.47 3.61 2.83 2.24 2 10.05 9.06 8.06 7.07 6.08 5.1 4.12 3.16 2.24 1.41 1 10 9 8 7 6 5 4 3 2 1 0 10.05 9.06 8.06 7.07 6.08 5.1 4.12 3.16 2.24 1.41 1 10.2 9.22 8.25 7.28 6.32 5.39 4.47 3.61 2.83 2.24 2 10.44 9.49 8.54 7.62 6.71 5.83 5 4.24 3.61 3.16 3 10.77 9.85 8.94 8.06 7.21 6.4 5.66 5 4.47 4.12 4 11.18 10.3 9.43 8.6 7.81 7.07 6.4 5.83 5.39 5.1 5
 6 6.08 6.32 6.71 7.21 7.81 8.49 9.22 10 10.82 11.66 5 5.1 5.39 5.83 6.4 7.07 7.81 8.6 9.43 10.3 11.18 4 4.12 4.47 5 5.66 6.4 7.21 8.06 8.94 9.85 10.77 3 3.16 3.61 4.24 5 5.83 6.71 7.62 8.54 9.49 10.44 2 2.24 2.83 3.61 4.47 5.39 6.32 7.28 8.25 9.22 10.2 1 1.41 2.24 3.16 4.12 5.1 6.08 7.07 8.06 9.06 10.05 0 1 2 3 4 5 6 7 8 9 10 1 1.41 2.24 3.16 4.12 5.1 6.08 7.07 8.06 9.06 10.05 2 2.24 2.83 3.61 4.47 5.39 6.32 7.28 8.25 9.22 10.2 3 3.16 3.61 4.24 5 5.83 6.71 7.62 8.54 9.49 10.44 4 4.12 4.47 5 5.66 6.4 7.21 8.06 8.94 9.85 10.77
 6.08 6 6.08 6.32 6.71 7.21 7.81 8.49 9.22 10 10.82 5.1 5 5.1 5.39 5.83 6.4 7.07 7.81 8.6 9.43 10.3 4.12 4 4.12 4.47 5 5.66 6.4 7.21 8.06 8.94 9.85 3.16 3 3.16 3.61 4.24 5 5.83 6.71 7.62 8.54 9.49 2.24 2 2.24 2.83 3.61 4.47 5.39 6.32 7.28 8.25 9.22 1.41 1 1.41 2.24 3.16 4.12 5.1 6.08 7.07 8.06 9.06 1 0 1 2 3 4 5 6 7 8 9 1.41 1 1.41 2.24 3.16 4.12 5.1 6.08 7.07 8.06 9.06 2.24 2 2.24 2.83 3.61 4.47 5.39 6.32 7.28 8.25 9.22 3.16 3 3.16 3.61 4.24 5 5.83 6.71 7.62 8.54 9.49 4.12 4 4.12 4.47 5 5.66 6.4 7.21 8.06 8.94 9.85
 6.32 6.08 6 6.08 6.32 6.71 7.21 7.81 8.49 9.22 10 5.39 5.1 5 5.1 5.39 5.83 6.4 7.07 7.81 8.6 9.43 4.47 4.12 4 4.12 4.47 5 5.66 6.4 7.21 8.06 8.94 3.61 3.16 3 3.16 3.61 4.24 5 5.83 6.71 7.62 8.54 2.83 2.24 2 2.24 2.83 3.61 4.47 5.39 6.32 7.28 8.25 2.24 1.41 1 1.41 2.24 3.16 4.12 5.1 6.08 7.07 8.06 2 1 0 1 2 3 4 5 6 7 8 2.24 1.41 1 1.41 2.24 3.16 4.12 5.1 6.08 7.07 8.06 2.83 2.24 2 2.24 2.83 3.61 4.47 5.39 6.32 7.28 8.25 3.61 3.16 3 3.16 3.61 4.24 5 5.83 6.71 7.62 8.54 4.47 4.12 4 4.12 4.47 5 5.66 6.4 7.21 8.06 8.94
 6.71 6.32 6.08 6 6.08 6.32 6.71 7.21 7.81 8.49 9.22 5.83 5.39 5.1 5 5.1 5.39 5.83 6.4 7.07 7.81 8.6 5 4.47 4.12 4 4.12 4.47 5 5.66 6.4 7.21 8.06 4.24 3.61 3.16 3 3.16 3.61 4.24 5 5.83 6.71 7.62 3.61 2.83 2.24 2 2.24 2.83 3.61 4.47 5.39 6.32 7.28 3.16 2.24 1.41 1 1.41 2.24 3.16 4.12 5.1 6.08 7.07 3 2 1 0 1 2 3 4 5 6 7 3.16 2.24 1.41 1 1.41 2.24 3.16 4.12 5.1 6.08 7.07 3.61 2.83 2.24 2 2.24 2.83 3.61 4.47 5.39 6.32 7.28 4.24 3.61 3.16 3 3.16 3.61 4.24 5 5.83 6.71 7.62 5 4.47 4.12 4 4.12 4.47 5 5.66 6.4 7.21 8.06
 7.21 6.71 6.32 6.08 6 6.08 6.32 6.71 7.21 7.81 8.49 6.4 5.83 5.39 5.1 5 5.1 5.39 5.83 6.4 7.07 7.81 5.66 5 4.47 4.12 4 4.12 4.47 5 5.66 6.4 7.21 5 4.24 3.61 3.16 3 3.16 3.61 4.24 5 5.83 6.71 4.47 3.61 2.83 2.24 2 2.24 2.83 3.61 4.47 5.39 6.32 4.12 3.16 2.24 1.41 1 1.41 2.24 3.16 4.12 5.1 6.08 4 3 2 1 0 1 2 3 4 5 6 4.12 3.16 2.24 1.41 1 1.41 2.24 3.16 4.12 5.1 6.08 4.47 3.61 2.83 2.24 2 2.24 2.83 3.61 4.47 5.39 6.32 5 4.24 3.61 3.16 3 3.16 3.61 4.24 5 5.83 6.71 5.66 5 4.47 4.12 4 4.12 4.47 5 5.66 6.4 7.21
 7.81 7.21 6.71 6.32 6.08 6 6.08 6.32 6.71 7.21 7.81 7.07 6.4 5.83 5.39 5.1 5 5.1 5.39 5.83 6.4 7.07 6.4 5.66 5 4.47 4.12 4 4.12 4.47 5 5.66 6.4 5.83 5 4.24 3.61 3.16 3 3.16 3.61 4.24 5 5.83 5.39 4.47 3.61 2.83 2.24 2 2.24 2.83 3.61 4.47 5.39 5.1 4.12 3.16 2.24 1.41 1 1.41 2.24 3.16 4.12 5.1 5 4 3 2 1 0 1 2 3 4 5 5.1 4.12 3.16 2.24 1.41 1 1.41 2.24 3.16 4.12 5.1 5.39 4.47 3.61 2.83 2.24 2 2.24 2.83 3.61 4.47 5.39 5.83 5 4.24 3.61 3.16 3 3.16 3.61 4.24 5 5.83 6.4 5.66 5 4.47 4.12 4 4.12 4.47 5 5.66 6.4
 8.49 7.81 7.21 6.71 6.32 6.08 6 6.08 6.32 6.71 7.21 7.81 7.07 6.4 5.83 5.39 5.1 5 5.1 5.39 5.83 6.4 7.21 6.4 5.66 5 4.47 4.12 4 4.12 4.47 5 5.66 6.71 5.83 5 4.24 3.61 3.16 3 3.16 3.61 4.24 5 6.32 5.39 4.47 3.61 2.83 2.24 2 2.24 2.83 3.61 4.47 6.08 5.1 4.12 3.16 2.24 1.41 1 1.41 2.24 3.16 4.12 6 5 4 3 2 1 0 1 2 3 4 6.08 5.1 4.12 3.16 2.24 1.41 1 1.41 2.24 3.16 4.12 6.32 5.39 4.47 3.61 2.83 2.24 2 2.24 2.83 3.61 4.47 6.71 5.83 5 4.24 3.61 3.16 3 3.16 3.61 4.24 5 7.21 6.4 5.66 5 4.47 4.12 4 4.12 4.47 5 5.66
 9.22 8.49 7.81 7.21 6.71 6.32 6.08 6 6.08 6.32 6.71 8.6 7.81 7.07 6.4 5.83 5.39 5.1 5 5.1 5.39 5.83 8.06 7.21 6.4 5.66 5 4.47 4.12 4 4.12 4.47 5 7.62 6.71 5.83 5 4.24 3.61 3.16 3 3.16 3.61 4.24 7.28 6.32 5.39 4.47 3.61 2.83 2.24 2 2.24 2.83 3.61 7.07 6.08 5.1 4.12 3.16 2.24 1.41 1 1.41 2.24 3.16 7 6 5 4 3 2 1 0 1 2 3 7.07 6.08 5.1 4.12 3.16 2.24 1.41 1 1.41 2.24 3.16 7.28 6.32 5.39 4.47 3.61 2.83 2.24 2 2.24 2.83 3.61 7.62 6.71 5.83 5 4.24 3.61 3.16 3 3.16 3.61 4.24 8.06 7.21 6.4 5.66 5 4.47 4.12 4 4.12 4.47 5
 10 9.22 8.49 7.81 7.21 6.71 6.32 6.08 6 6.08 6.32 9.43 8.6 7.81 7.07 6.4 5.83 5.39 5.1 5 5.1 5.39 8.94 8.06 7.21 6.4 5.66 5 4.47 4.12 4 4.12 4.47 8.54 7.62 6.71 5.83 5 4.24 3.61 3.16 3 3.16 3.61 8.25 7.28 6.32 5.39 4.47 3.61 2.83 2.24 2 2.24 2.83 8.06 7.07 6.08 5.1 4.12 3.16 2.24 1.41 1 1.41 2.24 8 7 6 5 4 3 2 1 0 1 2 8.06 7.07 6.08 5.1 4.12 3.16 2.24 1.41 1 1.41 2.24 8.25 7.28 6.32 5.39 4.47 3.61 2.83 2.24 2 2.24 2.83 8.54 7.62 6.71 5.83 5 4.24 3.61 3.16 3 3.16 3.61 8.94 8.06 7.21 6.4 5.66 5 4.47 4.12 4 4.12 4.47
 10.82 10 9.22 8.49 7.81 7.21 6.71 6.32 6.08 6 6.08 10.3 9.43 8.6 7.81 7.07 6.4 5.83 5.39 5.1 5 5.1 9.85 8.94 8.06 7.21 6.4 5.66 5 4.47 4.12 4 4.12 9.49 8.54 7.62 6.71 5.83 5 4.24 3.61 3.16 3 3.16 9.22 8.25 7.28 6.32 5.39 4.47 3.61 2.83 2.24 2 2.24 9.06 8.06 7.07 6.08 5.1 4.12 3.16 2.24 1.41 1 1.41 9 8 7 6 5 4 3 2 1 0 1 9.06 8.06 7.07 6.08 5.1 4.12 3.16 2.24 1.41 1 1.41 9.22 8.25 7.28 6.32 5.39 4.47 3.61 2.83 2.24 2 2.24 9.49 8.54 7.62 6.71 5.83 5 4.24 3.61 3.16 3 3.16 9.85 8.94 8.06 7.21 6.4 5.66 5 4.47 4.12 4 4.12
